week,data_science,first_diff
2015-08-30,21,1.0
2015-09-06,22,1.0
2015-09-13,22,0.0
2015-09-20,20,-2.0
2015-09-27,21,1.0
2015-10-04,22,1.0
2015-10-11,20,-2.0
2015-10-18,21,1.0
2015-10-25,21,0.0
2015-11-01,20,-1.0
2015-11-08,19,-1.0
2015-11-15,19,0.0
2015-11-22,17,-2.0
2015-11-29,20,3.0
2015-12-06,20,0.0
2015-12-13,19,-1.0
2015-12-20,13,-6.0
2015-12-27,15,2.0
2016-01-03,21,6.0
2016-01-10,21,0.0
2016-01-17,22,1.0
2016-01-24,24,2.0
2016-01-31,22,-2.0
2016-02-07,22,0.0
2016-02-14,22,0.0
2016-02-21,22,0.0
2016-02-28,21,-1.0
2016-03-06,21,0.0
2016-03-13,21,0.0
2016-03-20,21,0.0
2016-03-27,22,1.0
2016-04-03,21,-1.0
2016-04-10,22,1.0
2016-04-17,21,-1.0
2016-04-24,22,1.0
2016-05-01,21,-1.0
2016-05-08,23,2.0
2016-05-15,22,-1.0
2016-05-22,23,1.0
2016-05-29,21,-2.0
2016-06-05,21,0.0
2016-06-12,21,0.0
2016-06-19,23,2.0
2016-06-26,21,-2.0
2016-07-03,22,1.0
2016-07-10,22,0.0
2016-07-17,22,0.0
2016-07-24,21,-1.0
2016-07-31,23,2.0
2016-08-07,22,-1.0
2016-08-14,21,-1.0
2016-08-21,26,5.0
2016-08-28,27,1.0
2016-09-04,27,0.0
2016-09-11,29,2.0
2016-09-18,28,-1.0
2016-09-25,28,0.0
2016-10-02,26,-2.0
2016-10-09,28,2.0
2016-10-16,28,0.0
2016-10-23,27,-1.0
2016-10-30,26,-1.0
2016-11-06,28,2.0
2016-11-13,30,2.0
2016-11-20,25,-5.0
2016-11-27,29,4.0
2016-12-04,28,-1.0
2016-12-11,29,1.0
2016-12-18,27,-2.0
2016-12-25,20,-7.0
2017-01-01,29,9.0
2017-01-08,33,4.0
2017-01-15,34,1.0
2017-01-22,35,1.0
2017-01-29,37,2.0
2017-02-05,34,-3.0
2017-02-12,33,-1.0
2017-02-19,35,2.0
2017-02-26,36,1.0
2017-03-05,35,-1.0
2017-03-12,34,-1.0
2017-03-19,35,1.0
2017-03-26,35,0.0
2017-04-02,37,2.0
2017-04-09,34,-3.0
2017-04-16,35,1.0
2017-04-23,36,1.0
2017-04-30,36,0.0
2017-05-07,35,-1.0
2017-05-14,34,-1.0
2017-05-21,35,1.0
2017-05-28,33,-2.0
2017-06-04,34,1.0
2017-06-11,34,0.0
2017-06-18,33,-1.0
2017-06-25,34,1.0
2017-07-02,33,-1.0
2017-07-09,36,3.0
2017-07-16,35,-1.0
2017-07-23,36,1.0
2017-07-30,37,1.0
2017-08-06,35,-2.0
2017-08-13,37,2.0
2017-08-20,41,4.0
2017-08-27,40,-1.0
2017-09-03,40,0.0
2017-09-10,44,4.0
2017-09-17,44,0.0
2017-09-24,40,-4.0
2017-10-01,42,2.0
2017-10-08,44,2.0
2017-10-15,42,-2.0
2017-10-22,43,1.0
2017-10-29,44,1.0
2017-11-05,44,0.0
2017-11-12,45,1.0
2017-11-19,37,-8.0
2017-11-26,41,4.0
2017-12-03,44,3.0
2017-12-10,43,-1.0
2017-12-17,38,-5.0
2017-12-24,33,-5.0
2017-12-31,42,9.0
2018-01-07,45,3.0
2018-01-14,47,2.0
2018-01-21,47,0.0
2018-01-28,49,2.0
2018-02-04,45,-4.0
2018-02-11,45,0.0
2018-02-18,48,3.0
2018-02-25,48,0.0
2018-03-04,51,3.0
2018-03-11,46,-5.0
2018-03-18,49,3.0
2018-03-25,48,-1.0
2018-04-01,48,0.0
2018-04-08,47,-1.0
2018-04-15,46,-1.0
2018-04-22,46,0.0
2018-04-29,46,0.0
2018-05-06,47,1.0
2018-05-13,48,1.0
2018-05-20,49,1.0
2018-05-27,46,-3.0
2018-06-03,51,5.0
2018-06-10,47,-4.0
2018-06-17,44,-3.0
2018-06-24,44,0.0
2018-07-01,45,1.0
2018-07-08,51,6.0
2018-07-15,51,0.0
2018-07-22,49,-2.0
2018-07-29,51,2.0
2018-08-05,50,-1.0
2018-08-12,48,-2.0
2018-08-19,52,4.0
2018-08-26,54,2.0
2018-09-02,58,4.0
2018-09-09,56,-2.0
2018-09-16,58,2.0
2018-09-23,56,-2.0
2018-09-30,56,0.0
2018-10-07,55,-1.0
2018-10-14,56,1.0
2018-10-21,55,-1.0
2018-10-28,54,-1.0
2018-11-04,53,-1.0
2018-11-11,55,2.0
2018-11-18,51,-4.0
2018-11-25,58,7.0
2018-12-02,55,-3.0
2018-12-09,54,-1.0
2018-12-16,50,-4.0
2018-12-23,41,-9.0
2018-12-30,47,6.0
2019-01-06,61,14.0
2019-01-13,62,1.0
2019-01-20,61,-1.0
2019-01-27,61,0.0
2019-02-03,63,2.0
2019-02-10,60,-3.0
2019-02-17,64,4.0
2019-02-24,63,-1.0
2019-03-03,62,-1.0
2019-03-10,61,-1.0
2019-03-17,63,2.0
2019-03-24,63,0.0
2019-03-31,64,1.0
2019-04-07,61,-3.0
2019-04-14,59,-2.0
2019-04-21,59,0.0
2019-04-28,60,1.0
2019-05-05,61,1.0
2019-05-12,62,1.0
2019-05-19,62,0.0
2019-05-26,62,0.0
2019-06-02,64,2.0
2019-06-09,65,1.0
2019-06-16,68,3.0
2019-06-23,65,-3.0
2019-06-30,65,0.0
2019-07-07,67,2.0
2019-07-14,65,-2.0
2019-07-21,69,4.0
2019-07-28,68,-1.0
2019-08-04,65,-3.0
2019-08-11,68,3.0
2019-08-18,76,8.0
2019-08-25,76,0.0
2019-09-01,73,-3.0
2019-09-08,78,5.0
2019-09-15,78,0.0
2019-09-22,78,0.0
2019-09-29,75,-3.0
2019-10-06,75,0.0
2019-10-13,75,0.0
2019-10-20,72,-3.0
2019-10-27,69,-3.0
2019-11-03,73,4.0
2019-11-10,74,1.0
2019-11-17,77,3.0
2019-11-24,64,-13.0
2019-12-01,75,11.0
2019-12-08,68,-7.0
2019-12-15,67,-1.0
2019-12-22,58,-9.0
2019-12-29,63,5.0
2020-01-05,78,15.0
2020-01-12,79,1.0
2020-01-19,77,-2.0
2020-01-26,79,2.0
2020-02-02,79,0.0
2020-02-09,82,3.0
2020-02-16,85,3.0
2020-02-23,84,-1.0
2020-03-01,81,-3.0
2020-03-08,72,-9.0
2020-03-15,61,-11.0
2020-03-22,61,0.0
2020-03-29,64,3.0
2020-04-05,69,5.0
2020-04-12,72,3.0
2020-04-19,73,1.0
2020-04-26,71,-2.0
2020-05-03,68,-3.0
2020-05-10,73,5.0
2020-05-17,71,-2.0
2020-05-24,70,-1.0
2020-05-31,72,2.0
2020-06-07,75,3.0
2020-06-14,71,-4.0
2020-06-21,75,4.0
2020-06-28,76,1.0
2020-07-05,75,-1.0
2020-07-12,76,1.0
2020-07-19,79,3.0
2020-07-26,76,-3.0
2020-08-02,75,-1.0
2020-08-09,77,2.0
2020-08-16,79,2.0
